3276
979
408
596
1400
3548
788
1708
1468
2508
575
3663
1500
129
1068
2208
1907
1172
2112
1072
753
788
172
1272
1836
1172
1144
4872
672
1402
780
1389
464
1140
3780
936
1308
792
3210
1221
4288
1890
1134
2350
1626
760
877
183
4928
3013
414
1138
228
2128
987
2043
408
1078
884
4464
3536
1348
2064
297
1215
442
1212
1072
148
1932
1468
2112
240
1328
1824
1845
708
1648
267
604
1044
2054
2328
976
1780
2172
1403
3600
912
3930
3287
1170
5307
1144
2982
2405
1400
282
540
4642
1458
927
3351
3098
777
2208
190
3092
2394
994
1542
564
4038
948
1173
1766
2220
1270
4806
2043
1163
1023
3841
2153
1896
1275
1896
766
2128
1557
1566
612
1773
739
3977
1352
1140
1557
189
228
2678
2154
4004
1920
4908
1672
2280
2100
1968
3900
504
594
106
2301
1954
2988
1674
1217
3154
1428
777
484
384
1344
1780
2192
2074
1137
2262
3057
856
1947
1551
1413
3756
1873
1164
1776
1452
1272
2364
4727
3684
242
228
646
438
512
1725
3156
452
1762
2181
3474
2332
884
1297
1108
393
2958
3112
1592
1275
1144
3179
4446
267
1603
1960
2481
2163
1804
1248
1547
504
292
1483
3240
1662
1782
4772
384
1184
1013
1836
477
663
1417
318
984
2153
1812
1468
628
2262
2876
229
3874
2460
1275
2056
820
3556
1128
2635
2326
1317
1008
288
1418
2042
474
1059
1668
4252
1126
966
2003
1566
1594
162
1096
3095
1176
330
4902
2948
708
768
472
862
756
1057
753
4346
735
736
796
822
891
198
1233
3573
2520
212
2400
3120
5136
3168
1004
1680
2827
2784
2769
1780
828
762
2673
1252
1138
888
2732
1094
3000
435
168
370
528
1337
3948
3199
248
1847
1240
4320
3332
836
1629
768
341
864
1936
294
634
4224
4440
1399
1014
662
291
1650
3117
1061
2268
1564
2612
297
879
87
226
498
599
2574
2516
888
1233
1932
1399
1947
644
3222
82
2466
1176
1752
420
1378
525
1092
2496
2889
275
229
368
1149
740
2104
138
932
1479
2427
1033
1620
2382
1823
1864
2827
275
909
1900
1677
624
333
917
723
1520
639
1075
838
1446
523
3630
2518
2190
450
1212
1990
468
1339
1207
4572
1932
2985
845
1012
792
1935
1320
998
1344
1088
3648
448
1878
1758
1173
2451
1233
2064
1368
628
4476
1383
1284
1168
4605
1872
1050
452
3000
888
706
309
646
1752
1639
680
2907
1176
368
636
1372
351
3977
1560
1287
1107
2812
2860
548
684
1344
1284
312
2724
2832
891
1148
1312
4602
272
2337
5074
274
2895
3186
855
788
1524
1772
1792
2732
878
2288
2058
3234
2112
404
2388
1904
1528
1176
2850
2818
148
1024
1390
1382
852
508
272
1340
656
792
324
915
1328
2242
757
1056
1221
2082
3013
1403
1352
3093
272
132
442
1651
3423
2064
2298
1528
1500
2700
884
2160
1338
680
492
773
708
771
1780
912
866
576
618
480
968
324
3562
2528
1862
282
2334
415
705
2790
1379
400
1212
1908
2908
2420
758
1509
204
1332
592
2370
1488
1870
3984
960
1788
608
2112
2916
592
1686
3450
302
1620
1720
1836
438
135
2381
1395
3154
1176
1327
1362
888
264
108
1110
1478
2388
308
2526
3483
1431
1278
1362
770
2413
71
925
2889
1332
3264
2334
2868
835
120
602
162
3000
3018
1334
3136
776
270
672
2492
987
1275
1982
5136
576
324
1187
1554
477
2017
2860
2112
3543
612
1377
111
900
3280
2888
753
856
891
2237
1032
2208
816
1080
1870
226
363
2340
382
1509
960
856
1236
1239
1193
196
2533
2328
2804
400
1536
1803
884
1668
1352
1068
2580
924
2608
1838
2496
1180
2685
744
978
1328
1074
266
2980
318
2841
1824
4125
2522
209
420
1730
2054
1256
218
1998
1064
121
1262
1068
2094
384
558
1062
2799
1998
3373
398
3172
1040
1112
3120
465
338
1528
1578
3199
2252
877
897
1752
332
1459
1091
856
857
753
1708
1566
840
208
1268
852
1916
2112
1235
1796
714
744
3384
340
3844
231
1600
900
3525
1912
3734
302
2421
896
2492
352
924
3702
918
1548
441
1008
2544
1680
330
408
944
172
480
942
1800
684
1584
3200
628
438
120
802
610
1404
168
1696
2553
1508
2270
325
181
1633
1224
772
1548
3690
1708
62
3790
3120
5136
900
1845
1559
2895
4000
2164
1110
1824
1554
829
510
231
3600
624
4581
1179
1040
900
2164
598
1332
1998
2250
1236
2913
776
1252
972
3156
1593
441
1204
1322
1035
2800
1476
1332
491
2112
1678
1764
663
420
1068
5004
3136
260
1446
571
4596
2364
900
1206
2487
820
2889
2370
1823
1638
30
735
1506
1256
1163
156
1166
2248
888
3874
2512
816
1712
1564
918
1444
2914
1681
936
776
1446
1440
2841
876
768
1168
1967
628
1380
1100
2608
1905
882
3504
747
942
4160
242
2540
1683
1692
1450
1768
2065
1836
810
1728
2904
690
5452
1506
2902
2859
1258
315
3108
643
49
1038
1887
3552
2136
900
1068
1964
872
468
522
1408
708
1196
1282
1218
1604
453
813
3979
1946
2488
488
204
2048
768
2769
3384
1953
702
3278
1240
2383
380
919
3857
4317
744
448
1562
2952
1786
1298
2186
1940
2427
1691
651
1708
3268
3027
1680
582
646
2220
869
980
1605
870
768
2802
386
1248
827
1008
2116
158
453
116
1742
492
1772
1608
690
1134
3480
508
2661
1796
1166
1575
326
3162
1244
684
792
1038
1650
970
1332
756
2256
303
4437
585
1392
913
540
2472
468
2856
238
269
556
