100
6 2020022
4 95855
5 110011
5 400601
0 1
6 0000001
6 0200012
4 13001
6 5905564
6 0004001
6 2165058
3 2211
6 5926943
6 2486526
0 3
6 5072001
6 1111101
4 00001
6 2120021
4 11111
3 1601
6 9000631
0 1
6 0000001
6 2521902
6 1111111
3 2061
6 0044061
3 0001
6 0000049
1 51
1 11
6 0000001
6 4323091
0 1
0 9
6 2202111
6 6382041
6 0200007
2 122
2 121
6 0001001
6 1000601
6 2500001
6 5000091
6 8000701
6 0900011
6 3543574
6 4501341
6 2022111
6 0000006
6 0006701
1 09
0 4
3 2111
1 01
0 2
0 1
6 0030001
2 001
3 0005
6 2660891
6 6000001
6 0111101
1 51
4 60001
2 222
6 0000001
6 3550662
6 1111222
6 3561409
3 6614
1 01
1 91
6 0006091
4 50021
4 00001
6 0800601
6 7000051
6 9010001
6 2606001
6 9999999
5 000601
6 0400001
5 000001
6 9009001
6 1020121
6 2022022
1 31
6 4000801
6 9701001
6 3003001
6 0000001
3 3705
6 0221021
6 0000061
6 0200601
4 14001
3 1112
0 8
